0,398
0,397
0,396
0,395
0,386
34,2
34,1
34,3
3,2
3,1
3,3
10,249
10,67
10,139
10,281
10,113
10,83
10,267
11,29
11,28
11,27
11,26
11,25
11,24
11,23
11,22
11,21
11,20
11,19
11,18
11,17
11,16
11,15
11,14
11,13
11,12
11,11
11,10
11,9
11,8
11,7
11,6
11,5
11,4
12,2
11,3
12,1
11,2
11,1
12,3
11,0
10,35
10,31
10,30
10,29
10,28
10,27
10,26
10,25
10,24
10,23
10,22
10,21
10,20
10,19
10,18
10,17
10,16
10,15
10,14
10,13
10,12
10,11
10,10
10,9
10,8
10,7
20,2
20,1
20,3
19,2
19,1
19,3
10,6
10,5
10,1
10,4
10,3
10,2
10,0
9,7
9,6
9,5
9,4
9,3
9,2
9,1
9,0
8,18
8,17
8,16
